{
 "cells": [
  {
   "cell_type": "code",
   "execution_count": 49,
   "metadata": {
    "collapsed": true
   },
   "outputs": [],
   "source": [
    "import numpy\n",
    "from sympy import *\n",
    "init_printing(use_unicode=True)\n",
    "import scipy.integrate"
   ]
  },
  {
   "cell_type": "code",
   "execution_count": null,
   "metadata": {
    "collapsed": true
   },
   "outputs": [],
   "source": []
  },
  {
   "cell_type": "code",
   "execution_count": null,
   "metadata": {
    "collapsed": true
   },
   "outputs": [],
   "source": []
  },
  {
   "cell_type": "code",
   "execution_count": 56,
   "metadata": {
    "collapsed": false
   },
   "outputs": [
    {
     "name": "stdout",
     "output_type": "stream",
     "text": [
      "The Below is for the Stiffness matrix\n"
     ]
    }
   ],
   "source": [
    "print(\"The Below is for the Stiffness matrix\")"
   ]
  },
  {
   "cell_type": "code",
   "execution_count": 51,
   "metadata": {
    "collapsed": false
   },
   "outputs": [
    {
     "name": "stdout",
     "output_type": "stream",
     "text": [
      "i= 0\n",
      "j= 0\n",
      "nde= 7\n",
      "xcoord[ 0 }= 2\n",
      "ycoord[ 0 }= 0\n",
      "zcoord[ 0 }= 0\n",
      "j= 1\n",
      "nde= 8\n",
      "xcoord[ 1 }= 2\n",
      "ycoord[ 1 }= 0\n",
      "zcoord[ 1 }= 1\n",
      "j= 2\n",
      "nde= 9\n",
      "xcoord[ 2 }= 1\n",
      "ycoord[ 2 }= 0\n",
      "zcoord[ 2 }= 1\n",
      "j= 3\n",
      "nde= 10\n",
      "xcoord[ 3 }= 1\n",
      "ycoord[ 3 }= 0\n",
      "zcoord[ 3 }= 0\n",
      "j= 4\n",
      "nde= 1\n",
      "xcoord[ 4 }= 2\n",
      "ycoord[ 4 }= 1\n",
      "zcoord[ 4 }= 0\n",
      "j= 5\n",
      "nde= 2\n",
      "xcoord[ 5 }= 2\n",
      "ycoord[ 5 }= 1\n",
      "zcoord[ 5 }= 1\n",
      "j= 6\n",
      "nde= 3\n",
      "xcoord[ 6 }= 1\n",
      "ycoord[ 6 }= 1\n",
      "zcoord[ 6 }= 1\n",
      "j= 7\n",
      "nde= 6\n",
      "xcoord[ 7 }= 1\n",
      "ycoord[ 7 }= 1\n",
      "zcoord[ 7 }= 0\n",
      "xcoord= Matrix([[2, 2, 1, 1, 2, 2, 1, 1]])\n",
      "ycoord= Matrix([[0, 0, 0, 0, 1, 1, 1, 1]])\n",
      "zcoord= Matrix([[0, 1, 1, 0, 0, 1, 1, 0]])\n",
      "X1= 2\n",
      "Y1= 0\n",
      "Z1= 0\n",
      "X2= 2\n",
      "Y2= 0\n",
      "Z2= 1\n",
      "X3= 1\n",
      "Y3= 0\n",
      "Z3= 1\n",
      "X4= 1\n",
      "Y4= 0\n",
      "Z4= 0\n",
      "X5= 2\n",
      "Y5= 1\n",
      "Z5= 0\n",
      "X6= 2\n",
      "Y6= 1\n",
      "Z6= 1\n",
      "X7= 1\n",
      "Y7= 1\n",
      "Z7= 1\n",
      "X8= 1\n",
      "Y8= 1\n",
      "Z8= 0\n",
      "Matrix([[4980.84291187740, -2873.56321839081, -2873.56321839081, 1915.70881226054, -1436.78160919540, 2298.85057471264, -2203.06513409962, -1149.42528735632, 2873.56321839081, -3831.41762452108, -2298.85057471264, -2298.85057471264, 1915.70881226054, 2298.85057471264, -1436.78160919540, 670.498084291188, 1149.42528735632, 1149.42528735632, -1245.21072796935, 1436.78160919540, 1436.78160919540, -2203.06513409962, 2873.56321839081, -1149.42528735632], [-2873.56321839081, 4980.84291187740, 2873.56321839081, -1436.78160919540, 1915.70881226054, -2298.85057471264, 1149.42528735632, 670.498084291188, -1149.42528735632, 2298.85057471264, 1915.70881226054, 1436.78160919540, -2298.85057471264, -3831.41762452107, 2298.85057471264, -1149.42528735632, -2203.06513409962, -2873.56321839081, 1436.78160919540, -1245.21072796935, -1436.78160919540, 2873.56321839081, -2203.06513409962, 1149.42528735632], [-2873.56321839081, 2873.56321839081, 4980.84291187740, -2298.85057471264, 2298.85057471264, -3831.41762452107, 2873.56321839081, 1149.42528735632, -2203.06513409962, 2298.85057471264, 1436.78160919540, 1915.70881226054, -1436.78160919540, -2298.85057471264, 1915.70881226054, -1149.42528735632, -2873.56321839081, -2203.06513409962, 1436.78160919540, -1436.78160919540, -1245.21072796935, 1149.42528735632, -1149.42528735632, 670.498084291188], [1915.70881226054, -1436.78160919540, -2298.85057471264, 4980.84291187740, -2873.56321839081, 2873.56321839081, -3831.41762452108, -2298.85057471264, 2298.85057471264, -2203.06513409962, -1149.42528735632, -2873.56321839081, 670.498084291188, 1149.42528735632, -1149.42528735632, 1915.70881226054, 2298.85057471264, 1436.78160919540, -2203.06513409962, 2873.56321839081, 1149.42528735632, -1245.21072796935, 1436.78160919540, -1436.78160919540], [-1436.78160919540, 1915.70881226054, 2298.85057471264, -2873.56321839081, 4980.84291187740, -2873.56321839081, 2298.85057471264, 1915.70881226054, -1436.78160919540, 1149.42528735632, 670.498084291188, 1149.42528735632, -1149.42528735632, -2203.06513409962, 2873.56321839081, -2298.85057471264, -3831.41762452107, -2298.85057471264, 2873.56321839081, -2203.06513409962, -1149.42528735632, 1436.78160919540, -1245.21072796935, 1436.78160919540], [2298.85057471264, -2298.85057471264, -3831.41762452107, 2873.56321839081, -2873.56321839081, 4980.84291187740, -2298.85057471264, -1436.78160919540, 1915.70881226054, -2873.56321839081, -1149.42528735632, -2203.06513409962, 1149.42528735632, 2873.56321839081, -2203.06513409962, 1436.78160919540, 2298.85057471264, 1915.70881226054, -1149.42528735632, 1149.42528735632, 670.498084291188, -1436.78160919540, 1436.78160919540, -1245.21072796935], [-2203.06513409962, 1149.42528735632, 2873.56321839081, -3831.41762452108, 2298.85057471264, -2298.85057471264, 4980.84291187740, 2873.56321839081, -2873.56321839081, 1915.70881226054, 1436.78160919540, 2298.85057471264, -1245.21072796935, -1436.78160919540, 1436.78160919540, -2203.06513409962, -2873.56321839081, -1149.42528735632, 1915.70881226054, -2298.85057471264, -1436.78160919540, 670.498084291188, -1149.42528735632, 1149.42528735632], [-1149.42528735632, 670.498084291188, 1149.42528735632, -2298.85057471264, 1915.70881226054, -1436.78160919540, 2873.56321839081, 4980.84291187740, -2873.56321839081, 1436.78160919540, 1915.70881226054, 2298.85057471264, -1436.78160919540, -1245.21072796935, 1436.78160919540, -2873.56321839081, -2203.06513409962, -1149.42528735632, 2298.85057471264, -3831.41762452107, -2298.85057471264, 1149.42528735632, -2203.06513409962, 2873.56321839081], [2873.56321839081, -1149.42528735632, -2203.06513409962, 2298.85057471264, -1436.78160919540, 1915.70881226054, -2873.56321839081, -2873.56321839081, 4980.84291187740, -2298.85057471264, -2298.85057471264, -3831.41762452107, 1436.78160919540, 1436.78160919540, -1245.21072796935, 1149.42528735632, 1149.42528735632, 670.498084291188, -1436.78160919540, 2298.85057471264, 1915.70881226054, -1149.42528735632, 2873.56321839081, -2203.06513409962], [-3831.41762452108, 2298.85057471264, 2298.85057471264, -2203.06513409962, 1149.42528735632, -2873.56321839081, 1915.70881226054, 1436.78160919540, -2298.85057471264, 4980.84291187740, 2873.56321839081, 2873.56321839081, -2203.06513409962, -2873.56321839081, 1149.42528735632, -1245.21072796935, -1436.78160919540, -1436.78160919540, 670.498084291188, -1149.42528735632, -1149.42528735632, 1915.70881226054, -2298.85057471264, 1436.78160919540], [-2298.85057471264, 1915.70881226054, 1436.78160919540, -1149.42528735632, 670.498084291188, -1149.42528735632, 1436.78160919540, 1915.70881226054, -2298.85057471264, 2873.56321839081, 4980.84291187740, 2873.56321839081, -2873.56321839081, -2203.06513409962, 1149.42528735632, -1436.78160919540, -1245.21072796935, -1436.78160919540, 1149.42528735632, -2203.06513409962, -2873.56321839081, 2298.85057471264, -3831.41762452107, 2298.85057471264], [-2298.85057471264, 1436.78160919540, 1915.70881226054, -2873.56321839081, 1149.42528735632, -2203.06513409962, 2298.85057471264, 2298.85057471264, -3831.41762452107, 2873.56321839081, 2873.56321839081, 4980.84291187740, -1149.42528735632, -1149.42528735632, 670.498084291188, -1436.78160919540, -1436.78160919540, -1245.21072796935, 1149.42528735632, -2873.56321839081, -2203.06513409962, 1436.78160919540, -2298.85057471264, 1915.70881226054], [1915.70881226054, -2298.85057471264, -1436.78160919540, 670.498084291188, -1149.42528735632, 1149.42528735632, -1245.21072796935, -1436.78160919540, 1436.78160919540, -2203.06513409962, -2873.56321839081, -1149.42528735632, 4980.84291187740, 2873.56321839081, -2873.56321839081, 1915.70881226054, 1436.78160919540, 2298.85057471264, -2203.06513409962, 1149.42528735632, 2873.56321839081, -3831.41762452108, 2298.85057471264, -2298.85057471264], [2298.85057471264, -3831.41762452107, -2298.85057471264, 1149.42528735632, -2203.06513409962, 2873.56321839081, -1436.78160919540, -1245.21072796935, 1436.78160919540, -2873.56321839081, -2203.06513409962, -1149.42528735632, 2873.56321839081, 4980.84291187740, -2873.56321839081, 1436.78160919540, 1915.70881226054, 2298.85057471264, -1149.42528735632, 670.498084291188, 1149.42528735632, -2298.85057471264, 1915.70881226054, -1436.78160919540], [-1436.78160919540, 2298.85057471264, 1915.70881226054, -1149.42528735632, 2873.56321839081, -2203.06513409962, 1436.78160919540, 1436.78160919540, -1245.21072796935, 1149.42528735632, 1149.42528735632, 670.498084291188, -2873.56321839081, -2873.56321839081, 4980.84291187740, -2298.85057471264, -2298.85057471264, -3831.41762452107, 2873.56321839081, -1149.42528735632, -2203.06513409962, 2298.85057471264, -1436.78160919540, 1915.70881226054], [670.498084291188, -1149.42528735632, -1149.42528735632, 1915.70881226054, -2298.85057471264, 1436.78160919540, -2203.06513409962, -2873.56321839081, 1149.42528735632, -1245.21072796935, -1436.78160919540, -1436.78160919540, 1915.70881226054, 1436.78160919540, -2298.85057471264, 4980.84291187740, 2873.56321839081, 2873.56321839081, -3831.41762452108, 2298.85057471264, 2298.85057471264, -2203.06513409962, 1149.42528735632, -2873.56321839081], [1149.42528735632, -2203.06513409962, -2873.56321839081, 2298.85057471264, -3831.41762452107, 2298.85057471264, -2873.56321839081, -2203.06513409962, 1149.42528735632, -1436.78160919540, -1245.21072796935, -1436.78160919540, 1436.78160919540, 1915.70881226054, -2298.85057471264, 2873.56321839081, 4980.84291187740, 2873.56321839081, -2298.85057471264, 1915.70881226054, 1436.78160919540, -1149.42528735632, 670.498084291188, -1149.42528735632], [1149.42528735632, -2873.56321839081, -2203.06513409962, 1436.78160919540, -2298.85057471264, 1915.70881226054, -1149.42528735632, -1149.42528735632, 670.498084291188, -1436.78160919540, -1436.78160919540, -1245.21072796935, 2298.85057471264, 2298.85057471264, -3831.41762452107, 2873.56321839081, 2873.56321839081, 4980.84291187740, -2298.85057471264, 1436.78160919540, 1915.70881226054, -2873.56321839081, 1149.42528735632, -2203.06513409962], [-1245.21072796935, 1436.78160919540, 1436.78160919540, -2203.06513409962, 2873.56321839081, -1149.42528735632, 1915.70881226054, 2298.85057471264, -1436.78160919540, 670.498084291188, 1149.42528735632, 1149.42528735632, -2203.06513409962, -1149.42528735632, 2873.56321839081, -3831.41762452108, -2298.85057471264, -2298.85057471264, 4980.84291187740, -2873.56321839081, -2873.56321839081, 1915.70881226054, -1436.78160919540, 2298.85057471264], [1436.78160919540, -1245.21072796935, -1436.78160919540, 2873.56321839081, -2203.06513409962, 1149.42528735632, -2298.85057471264, -3831.41762452107, 2298.85057471264, -1149.42528735632, -2203.06513409962, -2873.56321839081, 1149.42528735632, 670.498084291188, -1149.42528735632, 2298.85057471264, 1915.70881226054, 1436.78160919540, -2873.56321839081, 4980.84291187740, 2873.56321839081, -1436.78160919540, 1915.70881226054, -2298.85057471264], [1436.78160919540, -1436.78160919540, -1245.21072796935, 1149.42528735632, -1149.42528735632, 670.498084291188, -1436.78160919540, -2298.85057471264, 1915.70881226054, -1149.42528735632, -2873.56321839081, -2203.06513409962, 2873.56321839081, 1149.42528735632, -2203.06513409962, 2298.85057471264, 1436.78160919540, 1915.70881226054, -2873.56321839081, 2873.56321839081, 4980.84291187740, -2298.85057471264, 2298.85057471264, -3831.41762452107], [-2203.06513409962, 2873.56321839081, 1149.42528735632, -1245.21072796935, 1436.78160919540, -1436.78160919540, 670.498084291188, 1149.42528735632, -1149.42528735632, 1915.70881226054, 2298.85057471264, 1436.78160919540, -3831.41762452108, -2298.85057471264, 2298.85057471264, -2203.06513409962, -1149.42528735632, -2873.56321839081, 1915.70881226054, -1436.78160919540, -2298.85057471264, 4980.84291187740, -2873.56321839081, 2873.56321839081], [2873.56321839081, -2203.06513409962, -1149.42528735632, 1436.78160919540, -1245.21072796935, 1436.78160919540, -1149.42528735632, -2203.06513409962, 2873.56321839081, -2298.85057471264, -3831.41762452107, -2298.85057471264, 2298.85057471264, 1915.70881226054, -1436.78160919540, 1149.42528735632, 670.498084291188, 1149.42528735632, -1436.78160919540, 1915.70881226054, 2298.85057471264, -2873.56321839081, 4980.84291187740, -2873.56321839081], [-1149.42528735632, 1149.42528735632, 670.498084291188, -1436.78160919540, 1436.78160919540, -1245.21072796935, 1149.42528735632, 2873.56321839081, -2203.06513409962, 1436.78160919540, 2298.85057471264, 1915.70881226054, -2298.85057471264, -1436.78160919540, 1915.70881226054, -2873.56321839081, -1149.42528735632, -2203.06513409962, 2298.85057471264, -2298.85057471264, -3831.41762452107, 2873.56321839081, -2873.56321839081, 4980.84291187740]])\n",
      "<bound method MutableDenseMatrix.det of Matrix([\n",
      "[  4980.8429118774, -2873.56321839081, -2873.56321839081,  1915.70881226054,  -1436.7816091954,  2298.85057471264, -2203.06513409962, -1149.42528735632,  2873.56321839081, -3831.41762452108, -2298.85057471264, -2298.85057471264,  1915.70881226054,  2298.85057471264,  -1436.7816091954,  670.498084291188,  1149.42528735632,  1149.42528735632, -1245.21072796935,   1436.7816091954,   1436.7816091954, -2203.06513409962,  2873.56321839081, -1149.42528735632],\n",
      "[-2873.56321839081,   4980.8429118774,  2873.56321839081,  -1436.7816091954,  1915.70881226054, -2298.85057471264,  1149.42528735632,  670.498084291188, -1149.42528735632,  2298.85057471264,  1915.70881226054,   1436.7816091954, -2298.85057471264, -3831.41762452107,  2298.85057471264, -1149.42528735632, -2203.06513409962, -2873.56321839081,   1436.7816091954, -1245.21072796935,  -1436.7816091954,  2873.56321839081, -2203.06513409962,  1149.42528735632],\n",
      "[-2873.56321839081,  2873.56321839081,   4980.8429118774, -2298.85057471264,  2298.85057471264, -3831.41762452107,  2873.56321839081,  1149.42528735632, -2203.06513409962,  2298.85057471264,   1436.7816091954,  1915.70881226054,  -1436.7816091954, -2298.85057471264,  1915.70881226054, -1149.42528735632, -2873.56321839081, -2203.06513409962,   1436.7816091954,  -1436.7816091954, -1245.21072796935,  1149.42528735632, -1149.42528735632,  670.498084291188],\n",
      "[ 1915.70881226054,  -1436.7816091954, -2298.85057471264,   4980.8429118774, -2873.56321839081,  2873.56321839081, -3831.41762452108, -2298.85057471264,  2298.85057471264, -2203.06513409962, -1149.42528735632, -2873.56321839081,  670.498084291188,  1149.42528735632, -1149.42528735632,  1915.70881226054,  2298.85057471264,   1436.7816091954, -2203.06513409962,  2873.56321839081,  1149.42528735632, -1245.21072796935,   1436.7816091954,  -1436.7816091954],\n",
      "[ -1436.7816091954,  1915.70881226054,  2298.85057471264, -2873.56321839081,   4980.8429118774, -2873.56321839081,  2298.85057471264,  1915.70881226054,  -1436.7816091954,  1149.42528735632,  670.498084291188,  1149.42528735632, -1149.42528735632, -2203.06513409962,  2873.56321839081, -2298.85057471264, -3831.41762452107, -2298.85057471264,  2873.56321839081, -2203.06513409962, -1149.42528735632,   1436.7816091954, -1245.21072796935,   1436.7816091954],\n",
      "[ 2298.85057471264, -2298.85057471264, -3831.41762452107,  2873.56321839081, -2873.56321839081,   4980.8429118774, -2298.85057471264,  -1436.7816091954,  1915.70881226054, -2873.56321839081, -1149.42528735632, -2203.06513409962,  1149.42528735632,  2873.56321839081, -2203.06513409962,   1436.7816091954,  2298.85057471264,  1915.70881226054, -1149.42528735632,  1149.42528735632,  670.498084291188,  -1436.7816091954,   1436.7816091954, -1245.21072796935],\n",
      "[-2203.06513409962,  1149.42528735632,  2873.56321839081, -3831.41762452108,  2298.85057471264, -2298.85057471264,   4980.8429118774,  2873.56321839081, -2873.56321839081,  1915.70881226054,   1436.7816091954,  2298.85057471264, -1245.21072796935,  -1436.7816091954,   1436.7816091954, -2203.06513409962, -2873.56321839081, -1149.42528735632,  1915.70881226054, -2298.85057471264,  -1436.7816091954,  670.498084291188, -1149.42528735632,  1149.42528735632],\n",
      "[-1149.42528735632,  670.498084291188,  1149.42528735632, -2298.85057471264,  1915.70881226054,  -1436.7816091954,  2873.56321839081,   4980.8429118774, -2873.56321839081,   1436.7816091954,  1915.70881226054,  2298.85057471264,  -1436.7816091954, -1245.21072796935,   1436.7816091954, -2873.56321839081, -2203.06513409962, -1149.42528735632,  2298.85057471264, -3831.41762452107, -2298.85057471264,  1149.42528735632, -2203.06513409962,  2873.56321839081],\n",
      "[ 2873.56321839081, -1149.42528735632, -2203.06513409962,  2298.85057471264,  -1436.7816091954,  1915.70881226054, -2873.56321839081, -2873.56321839081,   4980.8429118774, -2298.85057471264, -2298.85057471264, -3831.41762452107,   1436.7816091954,   1436.7816091954, -1245.21072796935,  1149.42528735632,  1149.42528735632,  670.498084291188,  -1436.7816091954,  2298.85057471264,  1915.70881226054, -1149.42528735632,  2873.56321839081, -2203.06513409962],\n",
      "[-3831.41762452108,  2298.85057471264,  2298.85057471264, -2203.06513409962,  1149.42528735632, -2873.56321839081,  1915.70881226054,   1436.7816091954, -2298.85057471264,   4980.8429118774,  2873.56321839081,  2873.56321839081, -2203.06513409962, -2873.56321839081,  1149.42528735632, -1245.21072796935,  -1436.7816091954,  -1436.7816091954,  670.498084291188, -1149.42528735632, -1149.42528735632,  1915.70881226054, -2298.85057471264,   1436.7816091954],\n",
      "[-2298.85057471264,  1915.70881226054,   1436.7816091954, -1149.42528735632,  670.498084291188, -1149.42528735632,   1436.7816091954,  1915.70881226054, -2298.85057471264,  2873.56321839081,   4980.8429118774,  2873.56321839081, -2873.56321839081, -2203.06513409962,  1149.42528735632,  -1436.7816091954, -1245.21072796935,  -1436.7816091954,  1149.42528735632, -2203.06513409962, -2873.56321839081,  2298.85057471264, -3831.41762452107,  2298.85057471264],\n",
      "[-2298.85057471264,   1436.7816091954,  1915.70881226054, -2873.56321839081,  1149.42528735632, -2203.06513409962,  2298.85057471264,  2298.85057471264, -3831.41762452107,  2873.56321839081,  2873.56321839081,   4980.8429118774, -1149.42528735632, -1149.42528735632,  670.498084291188,  -1436.7816091954,  -1436.7816091954, -1245.21072796935,  1149.42528735632, -2873.56321839081, -2203.06513409962,   1436.7816091954, -2298.85057471264,  1915.70881226054],\n",
      "[ 1915.70881226054, -2298.85057471264,  -1436.7816091954,  670.498084291188, -1149.42528735632,  1149.42528735632, -1245.21072796935,  -1436.7816091954,   1436.7816091954, -2203.06513409962, -2873.56321839081, -1149.42528735632,   4980.8429118774,  2873.56321839081, -2873.56321839081,  1915.70881226054,   1436.7816091954,  2298.85057471264, -2203.06513409962,  1149.42528735632,  2873.56321839081, -3831.41762452108,  2298.85057471264, -2298.85057471264],\n",
      "[ 2298.85057471264, -3831.41762452107, -2298.85057471264,  1149.42528735632, -2203.06513409962,  2873.56321839081,  -1436.7816091954, -1245.21072796935,   1436.7816091954, -2873.56321839081, -2203.06513409962, -1149.42528735632,  2873.56321839081,   4980.8429118774, -2873.56321839081,   1436.7816091954,  1915.70881226054,  2298.85057471264, -1149.42528735632,  670.498084291188,  1149.42528735632, -2298.85057471264,  1915.70881226054,  -1436.7816091954],\n",
      "[ -1436.7816091954,  2298.85057471264,  1915.70881226054, -1149.42528735632,  2873.56321839081, -2203.06513409962,   1436.7816091954,   1436.7816091954, -1245.21072796935,  1149.42528735632,  1149.42528735632,  670.498084291188, -2873.56321839081, -2873.56321839081,   4980.8429118774, -2298.85057471264, -2298.85057471264, -3831.41762452107,  2873.56321839081, -1149.42528735632, -2203.06513409962,  2298.85057471264,  -1436.7816091954,  1915.70881226054],\n",
      "[ 670.498084291188, -1149.42528735632, -1149.42528735632,  1915.70881226054, -2298.85057471264,   1436.7816091954, -2203.06513409962, -2873.56321839081,  1149.42528735632, -1245.21072796935,  -1436.7816091954,  -1436.7816091954,  1915.70881226054,   1436.7816091954, -2298.85057471264,   4980.8429118774,  2873.56321839081,  2873.56321839081, -3831.41762452108,  2298.85057471264,  2298.85057471264, -2203.06513409962,  1149.42528735632, -2873.56321839081],\n",
      "[ 1149.42528735632, -2203.06513409962, -2873.56321839081,  2298.85057471264, -3831.41762452107,  2298.85057471264, -2873.56321839081, -2203.06513409962,  1149.42528735632,  -1436.7816091954, -1245.21072796935,  -1436.7816091954,   1436.7816091954,  1915.70881226054, -2298.85057471264,  2873.56321839081,   4980.8429118774,  2873.56321839081, -2298.85057471264,  1915.70881226054,   1436.7816091954, -1149.42528735632,  670.498084291188, -1149.42528735632],\n",
      "[ 1149.42528735632, -2873.56321839081, -2203.06513409962,   1436.7816091954, -2298.85057471264,  1915.70881226054, -1149.42528735632, -1149.42528735632,  670.498084291188,  -1436.7816091954,  -1436.7816091954, -1245.21072796935,  2298.85057471264,  2298.85057471264, -3831.41762452107,  2873.56321839081,  2873.56321839081,   4980.8429118774, -2298.85057471264,   1436.7816091954,  1915.70881226054, -2873.56321839081,  1149.42528735632, -2203.06513409962],\n",
      "[-1245.21072796935,   1436.7816091954,   1436.7816091954, -2203.06513409962,  2873.56321839081, -1149.42528735632,  1915.70881226054,  2298.85057471264,  -1436.7816091954,  670.498084291188,  1149.42528735632,  1149.42528735632, -2203.06513409962, -1149.42528735632,  2873.56321839081, -3831.41762452108, -2298.85057471264, -2298.85057471264,   4980.8429118774, -2873.56321839081, -2873.56321839081,  1915.70881226054,  -1436.7816091954,  2298.85057471264],\n",
      "[  1436.7816091954, -1245.21072796935,  -1436.7816091954,  2873.56321839081, -2203.06513409962,  1149.42528735632, -2298.85057471264, -3831.41762452107,  2298.85057471264, -1149.42528735632, -2203.06513409962, -2873.56321839081,  1149.42528735632,  670.498084291188, -1149.42528735632,  2298.85057471264,  1915.70881226054,   1436.7816091954, -2873.56321839081,   4980.8429118774,  2873.56321839081,  -1436.7816091954,  1915.70881226054, -2298.85057471264],\n",
      "[  1436.7816091954,  -1436.7816091954, -1245.21072796935,  1149.42528735632, -1149.42528735632,  670.498084291188,  -1436.7816091954, -2298.85057471264,  1915.70881226054, -1149.42528735632, -2873.56321839081, -2203.06513409962,  2873.56321839081,  1149.42528735632, -2203.06513409962,  2298.85057471264,   1436.7816091954,  1915.70881226054, -2873.56321839081,  2873.56321839081,   4980.8429118774, -2298.85057471264,  2298.85057471264, -3831.41762452107],\n",
      "[-2203.06513409962,  2873.56321839081,  1149.42528735632, -1245.21072796935,   1436.7816091954,  -1436.7816091954,  670.498084291188,  1149.42528735632, -1149.42528735632,  1915.70881226054,  2298.85057471264,   1436.7816091954, -3831.41762452108, -2298.85057471264,  2298.85057471264, -2203.06513409962, -1149.42528735632, -2873.56321839081,  1915.70881226054,  -1436.7816091954, -2298.85057471264,   4980.8429118774, -2873.56321839081,  2873.56321839081],\n",
      "[ 2873.56321839081, -2203.06513409962, -1149.42528735632,   1436.7816091954, -1245.21072796935,   1436.7816091954, -1149.42528735632, -2203.06513409962,  2873.56321839081, -2298.85057471264, -3831.41762452107, -2298.85057471264,  2298.85057471264,  1915.70881226054,  -1436.7816091954,  1149.42528735632,  670.498084291188,  1149.42528735632,  -1436.7816091954,  1915.70881226054,  2298.85057471264, -2873.56321839081,   4980.8429118774, -2873.56321839081],\n",
      "[-1149.42528735632,  1149.42528735632,  670.498084291188,  -1436.7816091954,   1436.7816091954, -1245.21072796935,  1149.42528735632,  2873.56321839081, -2203.06513409962,   1436.7816091954,  2298.85057471264,  1915.70881226054, -2298.85057471264,  -1436.7816091954,  1915.70881226054, -2873.56321839081, -1149.42528735632, -2203.06513409962,  2298.85057471264, -2298.85057471264, -3831.41762452107,  2873.56321839081, -2873.56321839081,   4980.8429118774]])>\n",
      "K for i= 0 : Matrix([[4980.84291187740, -2873.56321839081, -2873.56321839081, 1915.70881226054, -1436.78160919540, 2298.85057471264, -2203.06513409962, -1149.42528735632, 2873.56321839081, -3831.41762452108, -2298.85057471264, -2298.85057471264, 1915.70881226054, 2298.85057471264, -1436.78160919540, 670.498084291188, 1149.42528735632, 1149.42528735632, -1245.21072796935, 1436.78160919540, 1436.78160919540, -2203.06513409962, 2873.56321839081, -1149.42528735632], [-2873.56321839081, 4980.84291187740, 2873.56321839081, -1436.78160919540, 1915.70881226054, -2298.85057471264, 1149.42528735632, 670.498084291188, -1149.42528735632, 2298.85057471264, 1915.70881226054, 1436.78160919540, -2298.85057471264, -3831.41762452107, 2298.85057471264, -1149.42528735632, -2203.06513409962, -2873.56321839081, 1436.78160919540, -1245.21072796935, -1436.78160919540, 2873.56321839081, -2203.06513409962, 1149.42528735632], [-2873.56321839081, 2873.56321839081, 4980.84291187740, -2298.85057471264, 2298.85057471264, -3831.41762452107, 2873.56321839081, 1149.42528735632, -2203.06513409962, 2298.85057471264, 1436.78160919540, 1915.70881226054, -1436.78160919540, -2298.85057471264, 1915.70881226054, -1149.42528735632, -2873.56321839081, -2203.06513409962, 1436.78160919540, -1436.78160919540, -1245.21072796935, 1149.42528735632, -1149.42528735632, 670.498084291188], [1915.70881226054, -1436.78160919540, -2298.85057471264, 4980.84291187740, -2873.56321839081, 2873.56321839081, -3831.41762452108, -2298.85057471264, 2298.85057471264, -2203.06513409962, -1149.42528735632, -2873.56321839081, 670.498084291188, 1149.42528735632, -1149.42528735632, 1915.70881226054, 2298.85057471264, 1436.78160919540, -2203.06513409962, 2873.56321839081, 1149.42528735632, -1245.21072796935, 1436.78160919540, -1436.78160919540], [-1436.78160919540, 1915.70881226054, 2298.85057471264, -2873.56321839081, 4980.84291187740, -2873.56321839081, 2298.85057471264, 1915.70881226054, -1436.78160919540, 1149.42528735632, 670.498084291188, 1149.42528735632, -1149.42528735632, -2203.06513409962, 2873.56321839081, -2298.85057471264, -3831.41762452107, -2298.85057471264, 2873.56321839081, -2203.06513409962, -1149.42528735632, 1436.78160919540, -1245.21072796935, 1436.78160919540], [2298.85057471264, -2298.85057471264, -3831.41762452107, 2873.56321839081, -2873.56321839081, 4980.84291187740, -2298.85057471264, -1436.78160919540, 1915.70881226054, -2873.56321839081, -1149.42528735632, -2203.06513409962, 1149.42528735632, 2873.56321839081, -2203.06513409962, 1436.78160919540, 2298.85057471264, 1915.70881226054, -1149.42528735632, 1149.42528735632, 670.498084291188, -1436.78160919540, 1436.78160919540, -1245.21072796935], [-2203.06513409962, 1149.42528735632, 2873.56321839081, -3831.41762452108, 2298.85057471264, -2298.85057471264, 4980.84291187740, 2873.56321839081, -2873.56321839081, 1915.70881226054, 1436.78160919540, 2298.85057471264, -1245.21072796935, -1436.78160919540, 1436.78160919540, -2203.06513409962, -2873.56321839081, -1149.42528735632, 1915.70881226054, -2298.85057471264, -1436.78160919540, 670.498084291188, -1149.42528735632, 1149.42528735632], [-1149.42528735632, 670.498084291188, 1149.42528735632, -2298.85057471264, 1915.70881226054, -1436.78160919540, 2873.56321839081, 4980.84291187740, -2873.56321839081, 1436.78160919540, 1915.70881226054, 2298.85057471264, -1436.78160919540, -1245.21072796935, 1436.78160919540, -2873.56321839081, -2203.06513409962, -1149.42528735632, 2298.85057471264, -3831.41762452107, -2298.85057471264, 1149.42528735632, -2203.06513409962, 2873.56321839081], [2873.56321839081, -1149.42528735632, -2203.06513409962, 2298.85057471264, -1436.78160919540, 1915.70881226054, -2873.56321839081, -2873.56321839081, 4980.84291187740, -2298.85057471264, -2298.85057471264, -3831.41762452107, 1436.78160919540, 1436.78160919540, -1245.21072796935, 1149.42528735632, 1149.42528735632, 670.498084291188, -1436.78160919540, 2298.85057471264, 1915.70881226054, -1149.42528735632, 2873.56321839081, -2203.06513409962], [-3831.41762452108, 2298.85057471264, 2298.85057471264, -2203.06513409962, 1149.42528735632, -2873.56321839081, 1915.70881226054, 1436.78160919540, -2298.85057471264, 4980.84291187740, 2873.56321839081, 2873.56321839081, -2203.06513409962, -2873.56321839081, 1149.42528735632, -1245.21072796935, -1436.78160919540, -1436.78160919540, 670.498084291188, -1149.42528735632, -1149.42528735632, 1915.70881226054, -2298.85057471264, 1436.78160919540], [-2298.85057471264, 1915.70881226054, 1436.78160919540, -1149.42528735632, 670.498084291188, -1149.42528735632, 1436.78160919540, 1915.70881226054, -2298.85057471264, 2873.56321839081, 4980.84291187740, 2873.56321839081, -2873.56321839081, -2203.06513409962, 1149.42528735632, -1436.78160919540, -1245.21072796935, -1436.78160919540, 1149.42528735632, -2203.06513409962, -2873.56321839081, 2298.85057471264, -3831.41762452107, 2298.85057471264], [-2298.85057471264, 1436.78160919540, 1915.70881226054, -2873.56321839081, 1149.42528735632, -2203.06513409962, 2298.85057471264, 2298.85057471264, -3831.41762452107, 2873.56321839081, 2873.56321839081, 4980.84291187740, -1149.42528735632, -1149.42528735632, 670.498084291188, -1436.78160919540, -1436.78160919540, -1245.21072796935, 1149.42528735632, -2873.56321839081, -2203.06513409962, 1436.78160919540, -2298.85057471264, 1915.70881226054], [1915.70881226054, -2298.85057471264, -1436.78160919540, 670.498084291188, -1149.42528735632, 1149.42528735632, -1245.21072796935, -1436.78160919540, 1436.78160919540, -2203.06513409962, -2873.56321839081, -1149.42528735632, 4980.84291187740, 2873.56321839081, -2873.56321839081, 1915.70881226054, 1436.78160919540, 2298.85057471264, -2203.06513409962, 1149.42528735632, 2873.56321839081, -3831.41762452108, 2298.85057471264, -2298.85057471264], [2298.85057471264, -3831.41762452107, -2298.85057471264, 1149.42528735632, -2203.06513409962, 2873.56321839081, -1436.78160919540, -1245.21072796935, 1436.78160919540, -2873.56321839081, -2203.06513409962, -1149.42528735632, 2873.56321839081, 4980.84291187740, -2873.56321839081, 1436.78160919540, 1915.70881226054, 2298.85057471264, -1149.42528735632, 670.498084291188, 1149.42528735632, -2298.85057471264, 1915.70881226054, -1436.78160919540], [-1436.78160919540, 2298.85057471264, 1915.70881226054, -1149.42528735632, 2873.56321839081, -2203.06513409962, 1436.78160919540, 1436.78160919540, -1245.21072796935, 1149.42528735632, 1149.42528735632, 670.498084291188, -2873.56321839081, -2873.56321839081, 4980.84291187740, -2298.85057471264, -2298.85057471264, -3831.41762452107, 2873.56321839081, -1149.42528735632, -2203.06513409962, 2298.85057471264, -1436.78160919540, 1915.70881226054], [670.498084291188, -1149.42528735632, -1149.42528735632, 1915.70881226054, -2298.85057471264, 1436.78160919540, -2203.06513409962, -2873.56321839081, 1149.42528735632, -1245.21072796935, -1436.78160919540, -1436.78160919540, 1915.70881226054, 1436.78160919540, -2298.85057471264, 4980.84291187740, 2873.56321839081, 2873.56321839081, -3831.41762452108, 2298.85057471264, 2298.85057471264, -2203.06513409962, 1149.42528735632, -2873.56321839081], [1149.42528735632, -2203.06513409962, -2873.56321839081, 2298.85057471264, -3831.41762452107, 2298.85057471264, -2873.56321839081, -2203.06513409962, 1149.42528735632, -1436.78160919540, -1245.21072796935, -1436.78160919540, 1436.78160919540, 1915.70881226054, -2298.85057471264, 2873.56321839081, 4980.84291187740, 2873.56321839081, -2298.85057471264, 1915.70881226054, 1436.78160919540, -1149.42528735632, 670.498084291188, -1149.42528735632], [1149.42528735632, -2873.56321839081, -2203.06513409962, 1436.78160919540, -2298.85057471264, 1915.70881226054, -1149.42528735632, -1149.42528735632, 670.498084291188, -1436.78160919540, -1436.78160919540, -1245.21072796935, 2298.85057471264, 2298.85057471264, -3831.41762452107, 2873.56321839081, 2873.56321839081, 4980.84291187740, -2298.85057471264, 1436.78160919540, 1915.70881226054, -2873.56321839081, 1149.42528735632, -2203.06513409962], [-1245.21072796935, 1436.78160919540, 1436.78160919540, -2203.06513409962, 2873.56321839081, -1149.42528735632, 1915.70881226054, 2298.85057471264, -1436.78160919540, 670.498084291188, 1149.42528735632, 1149.42528735632, -2203.06513409962, -1149.42528735632, 2873.56321839081, -3831.41762452108, -2298.85057471264, -2298.85057471264, 4980.84291187740, -2873.56321839081, -2873.56321839081, 1915.70881226054, -1436.78160919540, 2298.85057471264], [1436.78160919540, -1245.21072796935, -1436.78160919540, 2873.56321839081, -2203.06513409962, 1149.42528735632, -2298.85057471264, -3831.41762452107, 2298.85057471264, -1149.42528735632, -2203.06513409962, -2873.56321839081, 1149.42528735632, 670.498084291188, -1149.42528735632, 2298.85057471264, 1915.70881226054, 1436.78160919540, -2873.56321839081, 4980.84291187740, 2873.56321839081, -1436.78160919540, 1915.70881226054, -2298.85057471264], [1436.78160919540, -1436.78160919540, -1245.21072796935, 1149.42528735632, -1149.42528735632, 670.498084291188, -1436.78160919540, -2298.85057471264, 1915.70881226054, -1149.42528735632, -2873.56321839081, -2203.06513409962, 2873.56321839081, 1149.42528735632, -2203.06513409962, 2298.85057471264, 1436.78160919540, 1915.70881226054, -2873.56321839081, 2873.56321839081, 4980.84291187740, -2298.85057471264, 2298.85057471264, -3831.41762452107], [-2203.06513409962, 2873.56321839081, 1149.42528735632, -1245.21072796935, 1436.78160919540, -1436.78160919540, 670.498084291188, 1149.42528735632, -1149.42528735632, 1915.70881226054, 2298.85057471264, 1436.78160919540, -3831.41762452108, -2298.85057471264, 2298.85057471264, -2203.06513409962, -1149.42528735632, -2873.56321839081, 1915.70881226054, -1436.78160919540, -2298.85057471264, 4980.84291187740, -2873.56321839081, 2873.56321839081], [2873.56321839081, -2203.06513409962, -1149.42528735632, 1436.78160919540, -1245.21072796935, 1436.78160919540, -1149.42528735632, -2203.06513409962, 2873.56321839081, -2298.85057471264, -3831.41762452107, -2298.85057471264, 2298.85057471264, 1915.70881226054, -1436.78160919540, 1149.42528735632, 670.498084291188, 1149.42528735632, -1436.78160919540, 1915.70881226054, 2298.85057471264, -2873.56321839081, 4980.84291187740, -2873.56321839081], [-1149.42528735632, 1149.42528735632, 670.498084291188, -1436.78160919540, 1436.78160919540, -1245.21072796935, 1149.42528735632, 2873.56321839081, -2203.06513409962, 1436.78160919540, 2298.85057471264, 1915.70881226054, -2298.85057471264, -1436.78160919540, 1915.70881226054, -2873.56321839081, -1149.42528735632, -2203.06513409962, 2298.85057471264, -2298.85057471264, -3831.41762452107, 2873.56321839081, -2873.56321839081, 4980.84291187740]])\n",
      "NodesToThreeD for 0 = Matrix([[18, 19, 20, 21, 22, 23, 24, 25, 26, 27, 28, 29, 0, 1, 2, 3, 4, 5, 6, 7, 8, 15, 16, 17], [0, 0, 0, 0, 0, 0, 0, 0, 0, 0, 0, 0, 0, 0, 0, 0, 0, 0, 0, 0, 0, 0, 0, 0]])\n",
      "one K1 !!!\n",
