{
 "cells": [
  {
   "cell_type": "code",
   "execution_count": 11,
   "metadata": {
    "collapsed": true
   },
   "outputs": [],
   "source": [
    "import numpy\n",
    "from sympy import *\n",
    "init_printing(use_unicode=True)\n",
    "import scipy.integrate\n"
   ]
  },
  {
   "cell_type": "code",
   "execution_count": 14,
   "metadata": {
    "collapsed": false
   },
   "outputs": [
    {
     "name": "stdout",
     "output_type": "stream",
     "text": [
      "Matrix([[3793.10344827586, 3103.44827586207, 3103.44827586207, 0, 0, 0], [3103.44827586207, 3793.10344827586, 3103.44827586207, 0, 0, 0], [3103.44827586207, 3103.44827586207, 3793.10344827586, 0, 0, 0], [0, 0, 0, 344.827586206897, 0, 0], [0, 0, 0, 0, 344.827586206897, 0], [0, 0, 0, 0, 0, 344.827586206897]])\n",
      "Matrix([[498.084291187740, 287.356321839081, -287.356321839081, -383.141762452107, 229.885057471264, -229.885057471264, -220.306513409962, -287.356321839081, -114.942528735632, 191.570881226054, -229.885057471264, -143.678160919540, 191.570881226054, 143.678160919540, 229.885057471264, -220.306513409962, 114.942528735632, 287.356321839081, -124.521072796935, -143.678160919540, 143.678160919540, 67.0498084291188, -114.942528735632, 114.942528735632], [287.356321839081, 498.084291187740, -287.356321839081, -229.885057471264, 191.570881226054, -143.678160919540, -287.356321839081, -220.306513409962, -114.942528735632, 229.885057471264, -383.141762452107, -229.885057471264, 143.678160919540, 191.570881226054, 229.885057471264, -114.942528735632, 67.0498084291188, 114.942528735632, -143.678160919540, -124.521072796935, 143.678160919540, 114.942528735632, -220.306513409962, 287.356321839081], [-287.356321839081, -287.356321839081, 498.084291187740, 229.885057471264, -143.678160919540, 191.570881226054, 114.942528735632, 114.942528735632, 67.0498084291188, -143.678160919540, 229.885057471264, 191.570881226054, -229.885057471264, -229.885057471264, -383.141762452107, 287.356321839081, -114.942528735632, -220.306513409962, 143.678160919540, 143.678160919540, -124.521072796935, -114.942528735632, 287.356321839081, -220.306513409962], [-383.141762452107, -229.885057471264, 229.885057471264, 498.084291187740, -287.356321839081, 287.356321839081, 191.570881226054, 229.885057471264, 143.678160919540, -220.306513409962, 287.356321839081, 114.942528735632, -220.306513409962, -114.942528735632, -287.356321839081, 191.570881226054, -143.678160919540, -229.885057471264, 67.0498084291188, 114.942528735632, -114.942528735632, -124.521072796935, 143.678160919540, -143.678160919540], [229.885057471264, 191.570881226054, -143.678160919540, -287.356321839081, 498.084291187740, -287.356321839081, -229.885057471264, -383.141762452107, -229.885057471264, 287.356321839081, -220.306513409962, -114.942528735632, 114.942528735632, 67.0498084291188, 114.942528735632, -143.678160919540, 191.570881226054, 229.885057471264, -114.942528735632, -220.306513409962, 287.356321839081, 143.678160919540, -124.521072796935, 143.678160919540], [-229.885057471264, -143.678160919540, 191.570881226054, 287.356321839081, -287.356321839081, 498.084291187740, 143.678160919540, 229.885057471264, 191.570881226054, -114.942528735632, 114.942528735632, 67.0498084291188, -287.356321839081, -114.942528735632, -220.306513409962, 229.885057471264, -229.885057471264, -383.141762452107, 114.942528735632, 287.356321839081, -220.306513409962, -143.678160919540, 143.678160919540, -124.521072796935], [-220.306513409962, -287.356321839081, 114.942528735632, 191.570881226054, -229.885057471264, 143.678160919540, 498.084291187740, 287.356321839081, 287.356321839081, -383.141762452107, 229.885057471264, 229.885057471264, -124.521072796935, -143.678160919540, -143.678160919540, 67.0498084291188, -114.942528735632, -114.942528735632, 191.570881226054, 143.678160919540, -229.885057471264, -220.306513409962, 114.942528735632, -287.356321839081], [-287.356321839081, -220.306513409962, 114.942528735632, 229.885057471264, -383.141762452107, 229.885057471264, 287.356321839081, 498.084291187740, 287.356321839081, -229.885057471264, 191.570881226054, 143.678160919540, -143.678160919540, -124.521072796935, -143.678160919540, 114.942528735632, -220.306513409962, -287.356321839081, 143.678160919540, 191.570881226054, -229.885057471264, -114.942528735632, 67.0498084291188, -114.942528735632], [-114.942528735632, -114.942528735632, 67.0498084291188, 143.678160919540, -229.885057471264, 191.570881226054, 287.356321839081, 287.356321839081, 498.084291187740, -229.885057471264, 143.678160919540, 191.570881226054, -143.678160919540, -143.678160919540, -124.521072796935, 114.942528735632, -287.356321839081, -220.306513409962, 229.885057471264, 229.885057471264, -383.141762452107, -287.356321839081, 114.942528735632, -220.306513409962], [191.570881226054, 229.885057471264, -143.678160919540, -220.306513409962, 287.356321839081, -114.942528735632, -383.141762452107, -229.885057471264, -229.885057471264, 498.084291187740, -287.356321839081, -287.356321839081, 67.0498084291188, 114.942528735632, 114.942528735632, -124.521072796935, 143.678160919540, 143.678160919540, -220.306513409962, -114.942528735632, 287.356321839081, 191.570881226054, -143.678160919540, 229.885057471264], [-229.885057471264, -383.141762452107, 229.885057471264, 287.356321839081, -220.306513409962, 114.942528735632, 229.885057471264, 191.570881226054, 143.678160919540, -287.356321839081, 498.084291187740, 287.356321839081, -114.942528735632, -220.306513409962, -287.356321839081, 143.678160919540, -124.521072796935, -143.678160919540, 114.942528735632, 67.0498084291188, -114.942528735632, -143.678160919540, 191.570881226054, -229.885057471264], [-143.678160919540, -229.885057471264, 191.570881226054, 114.942528735632, -114.942528735632, 67.0498084291188, 229.885057471264, 143.678160919540, 191.570881226054, -287.356321839081, 287.356321839081, 498.084291187740, -114.942528735632, -287.356321839081, -220.306513409962, 143.678160919540, -143.678160919540, -124.521072796935, 287.356321839081, 114.942528735632, -220.306513409962, -229.885057471264, 229.885057471264, -383.141762452107], [191.570881226054, 143.678160919540, -229.885057471264, -220.306513409962, 114.942528735632, -287.356321839081, -124.521072796935, -143.678160919540, -143.678160919540, 67.0498084291188, -114.942528735632, -114.942528735632, 498.084291187740, 287.356321839081, 287.356321839081, -383.141762452107, 229.885057471264, 229.885057471264, -220.306513409962, -287.356321839081, 114.942528735632, 191.570881226054, -229.885057471264, 143.678160919540], [143.678160919540, 191.570881226054, -229.885057471264, -114.942528735632, 67.0498084291188, -114.942528735632, -143.678160919540, -124.521072796935, -143.678160919540, 114.942528735632, -220.306513409962, -287.356321839081, 287.356321839081, 498.084291187740, 287.356321839081, -229.885057471264, 191.570881226054, 143.678160919540, -287.356321839081, -220.306513409962, 114.942528735632, 229.885057471264, -383.141762452107, 229.885057471264], [229.885057471264, 229.885057471264, -383.141762452107, -287.356321839081, 114.942528735632, -220.306513409962, -143.678160919540, -143.678160919540, -124.521072796935, 114.942528735632, -287.356321839081, -220.306513409962, 287.356321839081, 287.356321839081, 498.084291187740, -229.885057471264, 143.678160919540, 191.570881226054, -114.942528735632, -114.942528735632, 67.0498084291188, 143.678160919540, -229.885057471264, 191.570881226054], [-220.306513409962, -114.942528735632, 287.356321839081, 191.570881226054, -143.678160919540, 229.885057471264, 67.0498084291188, 114.942528735632, 114.942528735632, -124.521072796935, 143.678160919540, 143.678160919540, -383.141762452107, -229.885057471264, -229.885057471264, 498.084291187740, -287.356321839081, -287.356321839081, 191.570881226054, 229.885057471264, -143.678160919540, -220.306513409962, 287.356321839081, -114.942528735632], [114.942528735632, 67.0498084291188, -114.942528735632, -143.678160919540, 191.570881226054, -229.885057471264, -114.942528735632, -220.306513409962, -287.356321839081, 143.678160919540, -124.521072796935, -143.678160919540, 229.885057471264, 191.570881226054, 143.678160919540, -287.356321839081, 498.084291187740, 287.356321839081, -229.885057471264, -383.141762452107, 229.885057471264, 287.356321839081, -220.306513409962, 114.942528735632], [287.356321839081, 114.942528735632, -220.306513409962, -229.885057471264, 229.885057471264, -383.141762452107, -114.942528735632, -287.356321839081, -220.306513409962, 143.678160919540, -143.678160919540, -124.521072796935, 229.885057471264, 143.678160919540, 191.570881226054, -287.356321839081, 287.356321839081, 498.084291187740, -143.678160919540, -229.885057471264, 191.570881226054, 114.942528735632, -114.942528735632, 67.0498084291188], [-124.521072796935, -143.678160919540, 143.678160919540, 67.0498084291188, -114.942528735632, 114.942528735632, 191.570881226054, 143.678160919540, 229.885057471264, -220.306513409962, 114.942528735632, 287.356321839081, -220.306513409962, -287.356321839081, -114.942528735632, 191.570881226054, -229.885057471264, -143.678160919540, 498.084291187740, 287.356321839081, -287.356321839081, -383.141762452107, 229.885057471264, -229.885057471264], [-143.678160919540, -124.521072796935, 143.678160919540, 114.942528735632, -220.306513409962, 287.356321839081, 143.678160919540, 191.570881226054, 229.885057471264, -114.942528735632, 67.0498084291188, 114.942528735632, -287.356321839081, -220.306513409962, -114.942528735632, 229.885057471264, -383.141762452107, -229.885057471264, 287.356321839081, 498.084291187740, -287.356321839081, -229.885057471264, 191.570881226054, -143.678160919540], [143.678160919540, 143.678160919540, -124.521072796935, -114.942528735632, 287.356321839081, -220.306513409962, -229.885057471264, -229.885057471264, -383.141762452107, 287.356321839081, -114.942528735632, -220.306513409962, 114.942528735632, 114.942528735632, 67.0498084291188, -143.678160919540, 229.885057471264, 191.570881226054, -287.356321839081, -287.356321839081, 498.084291187740, 229.885057471264, -143.678160919540, 191.570881226054], [67.0498084291188, 114.942528735632, -114.942528735632, -124.521072796935, 143.678160919540, -143.678160919540, -220.306513409962, -114.942528735632, -287.356321839081, 191.570881226054, -143.678160919540, -229.885057471264, 191.570881226054, 229.885057471264, 143.678160919540, -220.306513409962, 287.356321839081, 114.942528735632, -383.141762452107, -229.885057471264, 229.885057471264, 498.084291187740, -287.356321839081, 287.356321839081], [-114.942528735632, -220.306513409962, 287.356321839081, 143.678160919540, -124.521072796935, 143.678160919540, 114.942528735632, 67.0498084291188, 114.942528735632, -143.678160919540, 191.570881226054, 229.885057471264, -229.885057471264, -383.141762452107, -229.885057471264, 287.356321839081, -220.306513409962, -114.942528735632, 229.885057471264, 191.570881226054, -143.678160919540, -287.356321839081, 498.084291187740, -287.356321839081], [114.942528735632, 287.356321839081, -220.306513409962, -143.678160919540, 143.678160919540, -124.521072796935, -287.356321839081, -114.942528735632, -220.306513409962, 229.885057471264, -229.885057471264, -383.141762452107, 143.678160919540, 229.885057471264, 191.570881226054, -114.942528735632, 114.942528735632, 67.0498084291188, -229.885057471264, -143.678160919540, 191.570881226054, 287.356321839081, -287.356321839081, 498.084291187740]])\n",
      "<bound method MutableDenseMatrix.det of Matrix([\n",
      "[  498.08429118774,  287.356321839081, -287.356321839081, -383.141762452107,  229.885057471264, -229.885057471264, -220.306513409962, -287.356321839081, -114.942528735632,  191.570881226054, -229.885057471264,  -143.67816091954,  191.570881226054,   143.67816091954,  229.885057471264, -220.306513409962,  114.942528735632,  287.356321839081, -124.521072796935,  -143.67816091954,   143.67816091954,  67.0498084291188, -114.942528735632,  114.942528735632],\n",
      "[ 287.356321839081,   498.08429118774, -287.356321839081, -229.885057471264,  191.570881226054,  -143.67816091954, -287.356321839081, -220.306513409962, -114.942528735632,  229.885057471264, -383.141762452107, -229.885057471264,   143.67816091954,  191.570881226054,  229.885057471264, -114.942528735632,  67.0498084291188,  114.942528735632,  -143.67816091954, -124.521072796935,   143.67816091954,  114.942528735632, -220.306513409962,  287.356321839081],\n",
      "[-287.356321839081, -287.356321839081,   498.08429118774,  229.885057471264,  -143.67816091954,  191.570881226054,  114.942528735632,  114.942528735632,  67.0498084291188,  -143.67816091954,  229.885057471264,  191.570881226054, -229.885057471264, -229.885057471264, -383.141762452107,  287.356321839081, -114.942528735632, -220.306513409962,   143.67816091954,   143.67816091954, -124.521072796935, -114.942528735632,  287.356321839081, -220.306513409962],\n",
      "[-383.141762452107, -229.885057471264,  229.885057471264,   498.08429118774, -287.356321839081,  287.356321839081,  191.570881226054,  229.885057471264,   143.67816091954, -220.306513409962,  287.356321839081,  114.942528735632, -220.306513409962, -114.942528735632, -287.356321839081,  191.570881226054,  -143.67816091954, -229.885057471264,  67.0498084291188,  114.942528735632, -114.942528735632, -124.521072796935,   143.67816091954,  -143.67816091954],\n",
      "[ 229.885057471264,  191.570881226054,  -143.67816091954, -287.356321839081,   498.08429118774, -287.356321839081, -229.885057471264, -383.141762452107, -229.885057471264,  287.356321839081, -220.306513409962, -114.942528735632,  114.942528735632,  67.0498084291188,  114.942528735632,  -143.67816091954,  191.570881226054,  229.885057471264, -114.942528735632, -220.306513409962,  287.356321839081,   143.67816091954, -124.521072796935,   143.67816091954],\n",
      "[-229.885057471264,  -143.67816091954,  191.570881226054,  287.356321839081, -287.356321839081,   498.08429118774,   143.67816091954,  229.885057471264,  191.570881226054, -114.942528735632,  114.942528735632,  67.0498084291188, -287.356321839081, -114.942528735632, -220.306513409962,  229.885057471264, -229.885057471264, -383.141762452107,  114.942528735632,  287.356321839081, -220.306513409962,  -143.67816091954,   143.67816091954, -124.521072796935],\n",
      "[-220.306513409962, -287.356321839081,  114.942528735632,  191.570881226054, -229.885057471264,   143.67816091954,   498.08429118774,  287.356321839081,  287.356321839081, -383.141762452107,  229.885057471264,  229.885057471264, -124.521072796935,  -143.67816091954,  -143.67816091954,  67.0498084291188, -114.942528735632, -114.942528735632,  191.570881226054,   143.67816091954, -229.885057471264, -220.306513409962,  114.942528735632, -287.356321839081],\n",
      "[-287.356321839081, -220.306513409962,  114.942528735632,  229.885057471264, -383.141762452107,  229.885057471264,  287.356321839081,   498.08429118774,  287.356321839081, -229.885057471264,  191.570881226054,   143.67816091954,  -143.67816091954, -124.521072796935,  -143.67816091954,  114.942528735632, -220.306513409962, -287.356321839081,   143.67816091954,  191.570881226054, -229.885057471264, -114.942528735632,  67.0498084291188, -114.942528735632],\n",
      "[-114.942528735632, -114.942528735632,  67.0498084291188,   143.67816091954, -229.885057471264,  191.570881226054,  287.356321839081,  287.356321839081,   498.08429118774, -229.885057471264,   143.67816091954,  191.570881226054,  -143.67816091954,  -143.67816091954, -124.521072796935,  114.942528735632, -287.356321839081, -220.306513409962,  229.885057471264,  229.885057471264, -383.141762452107, -287.356321839081,  114.942528735632, -220.306513409962],\n",
      "[ 191.570881226054,  229.885057471264,  -143.67816091954, -220.306513409962,  287.356321839081, -114.942528735632, -383.141762452107, -229.885057471264, -229.885057471264,   498.08429118774, -287.356321839081, -287.356321839081,  67.0498084291188,  114.942528735632,  114.942528735632, -124.521072796935,   143.67816091954,   143.67816091954, -220.306513409962, -114.942528735632,  287.356321839081,  191.570881226054,  -143.67816091954,  229.885057471264],\n",
      "[-229.885057471264, -383.141762452107,  229.885057471264,  287.356321839081, -220.306513409962,  114.942528735632,  229.885057471264,  191.570881226054,   143.67816091954, -287.356321839081,   498.08429118774,  287.356321839081, -114.942528735632, -220.306513409962, -287.356321839081,   143.67816091954, -124.521072796935,  -143.67816091954,  114.942528735632,  67.0498084291188, -114.942528735632,  -143.67816091954,  191.570881226054, -229.885057471264],\n",
      "[ -143.67816091954, -229.885057471264,  191.570881226054,  114.942528735632, -114.942528735632,  67.0498084291188,  229.885057471264,   143.67816091954,  191.570881226054, -287.356321839081,  287.356321839081,   498.08429118774, -114.942528735632, -287.356321839081, -220.306513409962,   143.67816091954,  -143.67816091954, -124.521072796935,  287.356321839081,  114.942528735632, -220.306513409962, -229.885057471264,  229.885057471264, -383.141762452107],\n",
      "[ 191.570881226054,   143.67816091954, -229.885057471264, -220.306513409962,  114.942528735632, -287.356321839081, -124.521072796935,  -143.67816091954,  -143.67816091954,  67.0498084291188, -114.942528735632, -114.942528735632,   498.08429118774,  287.356321839081,  287.356321839081, -383.141762452107,  229.885057471264,  229.885057471264, -220.306513409962, -287.356321839081,  114.942528735632,  191.570881226054, -229.885057471264,   143.67816091954],\n",
      "[  143.67816091954,  191.570881226054, -229.885057471264, -114.942528735632,  67.0498084291188, -114.942528735632,  -143.67816091954, -124.521072796935,  -143.67816091954,  114.942528735632, -220.306513409962, -287.356321839081,  287.356321839081,   498.08429118774,  287.356321839081, -229.885057471264,  191.570881226054,   143.67816091954, -287.356321839081, -220.306513409962,  114.942528735632,  229.885057471264, -383.141762452107,  229.885057471264],\n",
      "[ 229.885057471264,  229.885057471264, -383.141762452107, -287.356321839081,  114.942528735632, -220.306513409962,  -143.67816091954,  -143.67816091954, -124.521072796935,  114.942528735632, -287.356321839081, -220.306513409962,  287.356321839081,  287.356321839081,   498.08429118774, -229.885057471264,   143.67816091954,  191.570881226054, -114.942528735632, -114.942528735632,  67.0498084291188,   143.67816091954, -229.885057471264,  191.570881226054],\n",
      "[-220.306513409962, -114.942528735632,  287.356321839081,  191.570881226054,  -143.67816091954,  229.885057471264,  67.0498084291188,  114.942528735632,  114.942528735632, -124.521072796935,   143.67816091954,   143.67816091954, -383.141762452107, -229.885057471264, -229.885057471264,   498.08429118774, -287.356321839081, -287.356321839081,  191.570881226054,  229.885057471264,  -143.67816091954, -220.306513409962,  287.356321839081, -114.942528735632],\n",
      "[ 114.942528735632,  67.0498084291188, -114.942528735632,  -143.67816091954,  191.570881226054, -229.885057471264, -114.942528735632, -220.306513409962, -287.356321839081,   143.67816091954, -124.521072796935,  -143.67816091954,  229.885057471264,  191.570881226054,   143.67816091954, -287.356321839081,   498.08429118774,  287.356321839081, -229.885057471264, -383.141762452107,  229.885057471264,  287.356321839081, -220.306513409962,  114.942528735632],\n",
      "[ 287.356321839081,  114.942528735632, -220.306513409962, -229.885057471264,  229.885057471264, -383.141762452107, -114.942528735632, -287.356321839081, -220.306513409962,   143.67816091954,  -143.67816091954, -124.521072796935,  229.885057471264,   143.67816091954,  191.570881226054, -287.356321839081,  287.356321839081,   498.08429118774,  -143.67816091954, -229.885057471264,  191.570881226054,  114.942528735632, -114.942528735632,  67.0498084291188],\n",
      "[-124.521072796935,  -143.67816091954,   143.67816091954,  67.0498084291188, -114.942528735632,  114.942528735632,  191.570881226054,   143.67816091954,  229.885057471264, -220.306513409962,  114.942528735632,  287.356321839081, -220.306513409962, -287.356321839081, -114.942528735632,  191.570881226054, -229.885057471264,  -143.67816091954,   498.08429118774,  287.356321839081, -287.356321839081, -383.141762452107,  229.885057471264, -229.885057471264],\n",
      "[ -143.67816091954, -124.521072796935,   143.67816091954,  114.942528735632, -220.306513409962,  287.356321839081,   143.67816091954,  191.570881226054,  229.885057471264, -114.942528735632,  67.0498084291188,  114.942528735632, -287.356321839081, -220.306513409962, -114.942528735632,  229.885057471264, -383.141762452107, -229.885057471264,  287.356321839081,   498.08429118774, -287.356321839081, -229.885057471264,  191.570881226054,  -143.67816091954],\n",
      "[  143.67816091954,   143.67816091954, -124.521072796935, -114.942528735632,  287.356321839081, -220.306513409962, -229.885057471264, -229.885057471264, -383.141762452107,  287.356321839081, -114.942528735632, -220.306513409962,  114.942528735632,  114.942528735632,  67.0498084291188,  -143.67816091954,  229.885057471264,  191.570881226054, -287.356321839081, -287.356321839081,   498.08429118774,  229.885057471264,  -143.67816091954,  191.570881226054],\n",
      "[ 67.0498084291188,  114.942528735632, -114.942528735632, -124.521072796935,   143.67816091954,  -143.67816091954, -220.306513409962, -114.942528735632, -287.356321839081,  191.570881226054,  -143.67816091954, -229.885057471264,  191.570881226054,  229.885057471264,   143.67816091954, -220.306513409962,  287.356321839081,  114.942528735632, -383.141762452107, -229.885057471264,  229.885057471264,   498.08429118774, -287.356321839081,  287.356321839081],\n",
      "[-114.942528735632, -220.306513409962,  287.356321839081,   143.67816091954, -124.521072796935,   143.67816091954,  114.942528735632,  67.0498084291188,  114.942528735632,  -143.67816091954,  191.570881226054,  229.885057471264, -229.885057471264, -383.141762452107, -229.885057471264,  287.356321839081, -220.306513409962, -114.942528735632,  229.885057471264,  191.570881226054,  -143.67816091954, -287.356321839081,   498.08429118774, -287.356321839081],\n",
      "[ 114.942528735632,  287.356321839081, -220.306513409962,  -143.67816091954,   143.67816091954, -124.521072796935, -287.356321839081, -114.942528735632, -220.306513409962,  229.885057471264, -229.885057471264, -383.141762452107,   143.67816091954,  229.885057471264,  191.570881226054, -114.942528735632,  114.942528735632,  67.0498084291188, -229.885057471264,  -143.67816091954,  191.570881226054,  287.356321839081, -287.356321839081,   498.08429118774]])>\n"
     ]
    }
   ],
   "source": [
    "X1=0\n",
    "Y1=0\n",
    "Z1=1\n",
    "\n",
    "X2=1\n",
    "Y2=0\n",
    "Z2=1\n",
    "\n",
    "X3=1\n",
    "Y3=1\n",
    "Z3=1\n",
    "\n",
    "X4=0\n",
    "Y4=1\n",
    "Z4=1\n",
    "\n",
    "X5=0\n",
    "Y5=0\n",
    "Z5=0\n",
    "\n",
    "X6=1\n",
    "Y6=0\n",
    "Z6=0\n",
    "\n",
    "X7=1\n",
    "Y7=1\n",
    "Z7=0\n",
    "\n",
    "X8=0\n",
    "Y8=1\n",
    "Z8=0\n",
    "\n",
    "Young=1000\n",
    "P=0.45\n",
    "# The up is Input. The up is Input. The up is Input. The up is Input. The up is Input. The up is Input. The up is Input. The up is Input.  \n",
    "\n",
    "K=GetStiffinessMatrix3D(X1,Y1,Z1,  X2,Y2,Z2,  X3,Y3,Z3,  X4,Y4,Z4,  X5,Y5,Z5,  X6,Y6,Z6,  X7,Y7,Z7,  X8,Y8,Z8, Young,P)\n",
    "#print(result)\n",
    "\n",
    "\n"
   ]
  },
  {
   "cell_type": "code",
   "execution_count": 6,
   "metadata": {
    "collapsed": false
   },
   "outputs": [
    {
     "name": "stdout",
     "output_type": "stream",
     "text": [
      "Matrix([[3793.10344827586, 3103.44827586207, 3103.44827586207, 0, 0, 0], [3103.44827586207, 3793.10344827586, 3103.44827586207, 0, 0, 0], [3103.44827586207, 3103.44827586207, 3793.10344827586, 0, 0, 0], [0, 0, 0, 344.827586206897, 0, 0], [0, 0, 0, 0, 344.827586206897, 0], [0, 0, 0, 0, 0, 344.827586206897]])\n",
      "Matrix([[498.084291187740, 287.356321839081, -287.356321839081, -383.141762452107, 229.885057471264, -229.885057471264, -220.306513409962, -287.356321839081, -114.942528735632, 191.570881226054, -229.885057471264, -143.678160919540, 191.570881226054, 143.678160919540, 229.885057471264, -220.306513409962, 114.942528735632, 287.356321839081, -124.521072796935, -143.678160919540, 143.678160919540, 67.0498084291188, -114.942528735632, 114.942528735632], [287.356321839081, 498.084291187740, -287.356321839081, -229.885057471264, 191.570881226054, -143.678160919540, -287.356321839081, -220.306513409962, -114.942528735632, 229.885057471264, -383.141762452107, -229.885057471264, 143.678160919540, 191.570881226054, 229.885057471264, -114.942528735632, 67.0498084291188, 114.942528735632, -143.678160919540, -124.521072796935, 143.678160919540, 114.942528735632, -220.306513409962, 287.356321839081], [-287.356321839081, -287.356321839081, 498.084291187740, 229.885057471264, -143.678160919540, 191.570881226054, 114.942528735632, 114.942528735632, 67.0498084291188, -143.678160919540, 229.885057471264, 191.570881226054, -229.885057471264, -229.885057471264, -383.141762452107, 287.356321839081, -114.942528735632, -220.306513409962, 143.678160919540, 143.678160919540, -124.521072796935, -114.942528735632, 287.356321839081, -220.306513409962], [-383.141762452107, -229.885057471264, 229.885057471264, 498.084291187740, -287.356321839081, 287.356321839081, 191.570881226054, 229.885057471264, 143.678160919540, -220.306513409962, 287.356321839081, 114.942528735632, -220.306513409962, -114.942528735632, -287.356321839081, 191.570881226054, -143.678160919540, -229.885057471264, 67.0498084291188, 114.942528735632, -114.942528735632, -124.521072796935, 143.678160919540, -143.678160919540], [229.885057471264, 191.570881226054, -143.678160919540, -287.356321839081, 498.084291187740, -287.356321839081, -229.885057471264, -383.141762452107, -229.885057471264, 287.356321839081, -220.306513409962, -114.942528735632, 114.942528735632, 67.0498084291188, 114.942528735632, -143.678160919540, 191.570881226054, 229.885057471264, -114.942528735632, -220.306513409962, 287.356321839081, 143.678160919540, -124.521072796935, 143.678160919540], [-229.885057471264, -143.678160919540, 191.570881226054, 287.356321839081, -287.356321839081, 498.084291187740, 143.678160919540, 229.885057471264, 191.570881226054, -114.942528735632, 114.942528735632, 67.0498084291188, -287.356321839081, -114.942528735632, -220.306513409962, 229.885057471264, -229.885057471264, -383.141762452107, 114.942528735632, 287.356321839081, -220.306513409962, -143.678160919540, 143.678160919540, -124.521072796935], [-220.306513409962, -287.356321839081, 114.942528735632, 191.570881226054, -229.885057471264, 143.678160919540, 498.084291187740, 287.356321839081, 287.356321839081, -383.141762452107, 229.885057471264, 229.885057471264, -124.521072796935, -143.678160919540, -143.678160919540, 67.0498084291188, -114.942528735632, -114.942528735632, 191.570881226054, 143.678160919540, -229.885057471264, -220.306513409962, 114.942528735632, -287.356321839081], [-287.356321839081, -220.306513409962, 114.942528735632, 229.885057471264, -383.141762452107, 229.885057471264, 287.356321839081, 498.084291187740, 287.356321839081, -229.885057471264, 191.570881226054, 143.678160919540, -143.678160919540, -124.521072796935, -143.678160919540, 114.942528735632, -220.306513409962, -287.356321839081, 143.678160919540, 191.570881226054, -229.885057471264, -114.942528735632, 67.0498084291188, -114.942528735632], [-114.942528735632, -114.942528735632, 67.0498084291188, 143.678160919540, -229.885057471264, 191.570881226054, 287.356321839081, 287.356321839081, 498.084291187740, -229.885057471264, 143.678160919540, 191.570881226054, -143.678160919540, -143.678160919540, -124.521072796935, 114.942528735632, -287.356321839081, -220.306513409962, 229.885057471264, 229.885057471264, -383.141762452107, -287.356321839081, 114.942528735632, -220.306513409962], [191.570881226054, 229.885057471264, -143.678160919540, -220.306513409962, 287.356321839081, -114.942528735632, -383.141762452107, -229.885057471264, -229.885057471264, 498.084291187740, -287.356321839081, -287.356321839081, 67.0498084291188, 114.942528735632, 114.942528735632, -124.521072796935, 143.678160919540, 143.678160919540, -220.306513409962, -114.942528735632, 287.356321839081, 191.570881226054, -143.678160919540, 229.885057471264], [-229.885057471264, -383.141762452107, 229.885057471264, 287.356321839081, -220.306513409962, 114.942528735632, 229.885057471264, 191.570881226054, 143.678160919540, -287.356321839081, 498.084291187740, 287.356321839081, -114.942528735632, -220.306513409962, -287.356321839081, 143.678160919540, -124.521072796935, -143.678160919540, 114.942528735632, 67.0498084291188, -114.942528735632, -143.678160919540, 191.570881226054, -229.885057471264], [-143.678160919540, -229.885057471264, 191.570881226054, 114.942528735632, -114.942528735632, 67.0498084291188, 229.885057471264, 143.678160919540, 191.570881226054, -287.356321839081, 287.356321839081, 498.084291187740, -114.942528735632, -287.356321839081, -220.306513409962, 143.678160919540, -143.678160919540, -124.521072796935, 287.356321839081, 114.942528735632, -220.306513409962, -229.885057471264, 229.885057471264, -383.141762452107], [191.570881226054, 143.678160919540, -229.885057471264, -220.306513409962, 114.942528735632, -287.356321839081, -124.521072796935, -143.678160919540, -143.678160919540, 67.0498084291188, -114.942528735632, -114.942528735632, 498.084291187740, 287.356321839081, 287.356321839081, -383.141762452107, 229.885057471264, 229.885057471264, -220.306513409962, -287.356321839081, 114.942528735632, 191.570881226054, -229.885057471264, 143.678160919540], [143.678160919540, 191.570881226054, -229.885057471264, -114.942528735632, 67.0498084291188, -114.942528735632, -143.678160919540, -124.521072796935, -143.678160919540, 114.942528735632, -220.306513409962, -287.356321839081, 287.356321839081, 498.084291187740, 287.356321839081, -229.885057471264, 191.570881226054, 143.678160919540, -287.356321839081, -220.306513409962, 114.942528735632, 229.885057471264, -383.141762452107, 229.885057471264], [229.885057471264, 229.885057471264, -383.141762452107, -287.356321839081, 114.942528735632, -220.306513409962, -143.678160919540, -143.678160919540, -124.521072796935, 114.942528735632, -287.356321839081, -220.306513409962, 287.356321839081, 287.356321839081, 498.084291187740, -229.885057471264, 143.678160919540, 191.570881226054, -114.942528735632, -114.942528735632, 67.0498084291188, 143.678160919540, -229.885057471264, 191.570881226054], [-220.306513409962, -114.942528735632, 287.356321839081, 191.570881226054, -143.678160919540, 229.885057471264, 67.0498084291188, 114.942528735632, 114.942528735632, -124.521072796935, 143.678160919540, 143.678160919540, -383.141762452107, -229.885057471264, -229.885057471264, 498.084291187740, -287.356321839081, -287.356321839081, 191.570881226054, 229.885057471264, -143.678160919540, -220.306513409962, 287.356321839081, -114.942528735632], [114.942528735632, 67.0498084291188, -114.942528735632, -143.678160919540, 191.570881226054, -229.885057471264, -114.942528735632, -220.306513409962, -287.356321839081, 143.678160919540, -124.521072796935, -143.678160919540, 229.885057471264, 191.570881226054, 143.678160919540, -287.356321839081, 498.084291187740, 287.356321839081, -229.885057471264, -383.141762452107, 229.885057471264, 287.356321839081, -220.306513409962, 114.942528735632], [287.356321839081, 114.942528735632, -220.306513409962, -229.885057471264, 229.885057471264, -383.141762452107, -114.942528735632, -287.356321839081, -220.306513409962, 143.678160919540, -143.678160919540, -124.521072796935, 229.885057471264, 143.678160919540, 191.570881226054, -287.356321839081, 287.356321839081, 498.084291187740, -143.678160919540, -229.885057471264, 191.570881226054, 114.942528735632, -114.942528735632, 67.0498084291188], [-124.521072796935, -143.678160919540, 143.678160919540, 67.0498084291188, -114.942528735632, 114.942528735632, 191.570881226054, 143.678160919540, 229.885057471264, -220.306513409962, 114.942528735632, 287.356321839081, -220.306513409962, -287.356321839081, -114.942528735632, 191.570881226054, -229.885057471264, -143.678160919540, 498.084291187740, 287.356321839081, -287.356321839081, -383.141762452107, 229.885057471264, -229.885057471264], [-143.678160919540, -124.521072796935, 143.678160919540, 114.942528735632, -220.306513409962, 287.356321839081, 143.678160919540, 191.570881226054, 229.885057471264, -114.942528735632, 67.0498084291188, 114.942528735632, -287.356321839081, -220.306513409962, -114.942528735632, 229.885057471264, -383.141762452107, -229.885057471264, 287.356321839081, 498.084291187740, -287.356321839081, -229.885057471264, 191.570881226054, -143.678160919540], [143.678160919540, 143.678160919540, -124.521072796935, -114.942528735632, 287.356321839081, -220.306513409962, -229.885057471264, -229.885057471264, -383.141762452107, 287.356321839081, -114.942528735632, -220.306513409962, 114.942528735632, 114.942528735632, 67.0498084291188, -143.678160919540, 229.885057471264, 191.570881226054, -287.356321839081, -287.356321839081, 498.084291187740, 229.885057471264, -143.678160919540, 191.570881226054], [67.0498084291188, 114.942528735632, -114.942528735632, -124.521072796935, 143.678160919540, -143.678160919540, -220.306513409962, -114.942528735632, -287.356321839081, 191.570881226054, -143.678160919540, -229.885057471264, 191.570881226054, 229.885057471264, 143.678160919540, -220.306513409962, 287.356321839081, 114.942528735632, -383.141762452107, -229.885057471264, 229.885057471264, 498.084291187740, -287.356321839081, 287.356321839081], [-114.942528735632, -220.306513409962, 287.356321839081, 143.678160919540, -124.521072796935, 143.678160919540, 114.942528735632, 67.0498084291188, 114.942528735632, -143.678160919540, 191.570881226054, 229.885057471264, -229.885057471264, -383.141762452107, -229.885057471264, 287.356321839081, -220.306513409962, -114.942528735632, 229.885057471264, 191.570881226054, -143.678160919540, -287.356321839081, 498.084291187740, -287.356321839081], [114.942528735632, 287.356321839081, -220.306513409962, -143.678160919540, 143.678160919540, -124.521072796935, -287.356321839081, -114.942528735632, -220.306513409962, 229.885057471264, -229.885057471264, -383.141762452107, 143.678160919540, 229.885057471264, 191.570881226054, -114.942528735632, 114.942528735632, 67.0498084291188, -229.885057471264, -143.678160919540, 191.570881226054, 287.356321839081, -287.356321839081, 498.084291187740]])\n",
      "<bound method MutableDenseMatrix.det of Matrix([\n",
      "[  498.08429118774,  287.356321839081, -287.356321839081, -383.141762452107,  229.885057471264, -229.885057471264, -220.306513409962, -287.356321839081, -114.942528735632,  191.570881226054, -229.885057471264,  -143.67816091954,  191.570881226054,   143.67816091954,  229.885057471264, -220.306513409962,  114.942528735632,  287.356321839081, -124.521072796935,  -143.67816091954,   143.67816091954,  67.0498084291188, -114.942528735632,  114.942528735632],\n",
      "[ 287.356321839081,   498.08429118774, -287.356321839081, -229.885057471264,  191.570881226054,  -143.67816091954, -287.356321839081, -220.306513409962, -114.942528735632,  229.885057471264, -383.141762452107, -229.885057471264,   143.67816091954,  191.570881226054,  229.885057471264, -114.942528735632,  67.0498084291188,  114.942528735632,  -143.67816091954, -124.521072796935,   143.67816091954,  114.942528735632, -220.306513409962,  287.356321839081],\n",
      "[-287.356321839081, -287.356321839081,   498.08429118774,  229.885057471264,  -143.67816091954,  191.570881226054,  114.942528735632,  114.942528735632,  67.0498084291188,  -143.67816091954,  229.885057471264,  191.570881226054, -229.885057471264, -229.885057471264, -383.141762452107,  287.356321839081, -114.942528735632, -220.306513409962,   143.67816091954,   143.67816091954, -124.521072796935, -114.942528735632,  287.356321839081, -220.306513409962],\n",
      "[-383.141762452107, -229.885057471264,  229.885057471264,   498.08429118774, -287.356321839081,  287.356321839081,  191.570881226054,  229.885057471264,   143.67816091954, -220.306513409962,  287.356321839081,  114.942528735632, -220.306513409962, -114.942528735632, -287.356321839081,  191.570881226054,  -143.67816091954, -229.885057471264,  67.0498084291188,  114.942528735632, -114.942528735632, -124.521072796935,   143.67816091954,  -143.67816091954],\n",
      "[ 229.885057471264,  191.570881226054,  -143.67816091954, -287.356321839081,   498.08429118774, -287.356321839081, -229.885057471264, -383.141762452107, -229.885057471264,  287.356321839081, -220.306513409962, -114.942528735632,  114.942528735632,  67.0498084291188,  114.942528735632,  -143.67816091954,  191.570881226054,  229.885057471264, -114.942528735632, -220.306513409962,  287.356321839081,   143.67816091954, -124.521072796935,   143.67816091954],\n",
      "[-229.885057471264,  -143.67816091954,  191.570881226054,  287.356321839081, -287.356321839081,   498.08429118774,   143.67816091954,  229.885057471264,  191.570881226054, -114.942528735632,  114.942528735632,  67.0498084291188, -287.356321839081, -114.942528735632, -220.306513409962,  229.885057471264, -229.885057471264, -383.141762452107,  114.942528735632,  287.356321839081, -220.306513409962,  -143.67816091954,   143.67816091954, -124.521072796935],\n",
      "[-220.306513409962, -287.356321839081,  114.942528735632,  191.570881226054, -229.885057471264,   143.67816091954,   498.08429118774,  287.356321839081,  287.356321839081, -383.141762452107,  229.885057471264,  229.885057471264, -124.521072796935,  -143.67816091954,  -143.67816091954,  67.0498084291188, -114.942528735632, -114.942528735632,  191.570881226054,   143.67816091954, -229.885057471264, -220.306513409962,  114.942528735632, -287.356321839081],\n",
      "[-287.356321839081, -220.306513409962,  114.942528735632,  229.885057471264, -383.141762452107,  229.885057471264,  287.356321839081,   498.08429118774,  287.356321839081, -229.885057471264,  191.570881226054,   143.67816091954,  -143.67816091954, -124.521072796935,  -143.67816091954,  114.942528735632, -220.306513409962, -287.356321839081,   143.67816091954,  191.570881226054, -229.885057471264, -114.942528735632,  67.0498084291188, -114.942528735632],\n",
      "[-114.942528735632, -114.942528735632,  67.0498084291188,   143.67816091954, -229.885057471264,  191.570881226054,  287.356321839081,  287.356321839081,   498.08429118774, -229.885057471264,   143.67816091954,  191.570881226054,  -143.67816091954,  -143.67816091954, -124.521072796935,  114.942528735632, -287.356321839081, -220.306513409962,  229.885057471264,  229.885057471264, -383.141762452107, -287.356321839081,  114.942528735632, -220.306513409962],\n",
      "[ 191.570881226054,  229.885057471264,  -143.67816091954, -220.306513409962,  287.356321839081, -114.942528735632, -383.141762452107, -229.885057471264, -229.885057471264,   498.08429118774, -287.356321839081, -287.356321839081,  67.0498084291188,  114.942528735632,  114.942528735632, -124.521072796935,   143.67816091954,   143.67816091954, -220.306513409962, -114.942528735632,  287.356321839081,  191.570881226054,  -143.67816091954,  229.885057471264],\n",
